ON/OFF : 
OFF 							: 11000100 11010011 01100100 10000000 00000000 00000100 10000000 11100000 10111100 00000000 00000000 00000000 00000000 01011110 
ON  							: 11000100 11010011 01100100 10000000 00000000 00100100 10000000 11100000 10111100 00000000 00000000 00000000 00000000 01111110 
TEMPERATURE : 


ON_HOT_16_FAN_MAX_FLAP 		: 11000100 11010011 01100100 10000000 00000000 00100100 10000000 11110000 10111100 00000000 00000000 00000000 00000000 01100001 
ON_HOT_17_FAN_MAX_FLAP 		: 11000100 11010011 01100100 10000000 00000000 00100100 10000000 01110000 10111100 00000000 00000000 00000000 00000000 10100001 
ON_HOT_18_FAN_MAX_FLAP 		: 11000100 11010011 01100100 10000000 00000000 00100100 10000000 10110000 10111100 00000000 00000000 00000000 00000000 00100001 
ON_HOT_19_FAN_MAX_FLAP 		: 11000100 11010011 01100100 10000000 00000000 00100100 10000000 00110000 10111100 00000000 00000000 00000000 00000000 11000001 
ON_HOT_20_FAN_MAX_FLAP 		: 11000100 11010011 01100100 10000000 00000000 00100100 10000000 11010000 10111100 00000000 00000000 00000000 00000000 01000001 
ON_HOT_21_FAN_MAX_FLAP 		: 11000100 11010011 01100100 10000000 00000000 00100100 10000000 01010000 10111100 00000000 00000000 00000000 00000000 10000001
ON_HOT_22_FAN_MAX_FLAP 		: 11000100 11010011 01100100 10000000 00000000 00100100 10000000 10010000 10111100 00000000 00000000 00000000 00000000 00000001 
ON_HOT_23_FAN_MAX_FLAP 		: 11000100 11010011 01100100 10000000 00000000 00100100 10000000 00010000 10111100 00000000 00000000 00000000 00000000 11111110 
ON_HOT_24_FAN_MAX_FLAP 		: 11000100 11010011 01100100 10000000 00000000 00100100 10000000 11100000 10111100 00000000 00000000 00000000 00000000 01111110 
ON_HOT_25_FAN_MAX_FLAP 		: 11000100 11010011 01100100 10000000 00000000 00100100 10000000 01100000 10111100 00000000 00000000 00000000 00000000 10111110 
ON_HOT_26_FAN_MAX_FLAP 		: 11000100 11010011 01100100 10000000 00000000 00100100 10000000 10100000 10111100 00000000 00000000 00000000 00000000 00111110 
ON_HOT_27_FAN_MAX_FLAP 		: 11000100 11010011 01100100 10000000 00000000 00100100 10000000 00100000 10111100 00000000 00000000 00000000 00000000 11011110 
ON_HOT_28_FAN_MAX_FLAP 		: 11000100 11010011 01100100 10000000 00000000 00100100 10000000 11000000 10111100 00000000 00000000 00000000 00000000 01011110 
ON_HOT_29_FAN_MAX_FLAP 		: 11000100 11010011 01100100 10000000 00000000 00100100 10000000 01000000 10111100 00000000 00000000 00000000 00000000 10011110 
ON_HOT_30_FAN_MAX_FLAP 		: 11000100 11010011 01100100 10000000 00000000 00100100 10000000 10000000 10111100 00000000 00000000 00000000 00000000 00011110 
ON_HOT_31_FAN_MAX_FLAP 		: 11000100 11010011 01100100 10000000 00000000 00100100 10000000 00000000 10111100 00000000 00000000 00000000 00000000 11101110 


MODE_NUIT : 
ON_HOT_24_FAN_MAX_FIX            	: 11000100 11010011 01100100 10000000 00000000 00100100 10000000 11100000 10100000 00000000 00000000 00000000 00000000 01100010 
ON_HOT_24_FAN_AUTO_FIX_SLEEP	: 11000100 11010011 01100100 10000000 00000000 00100100 10000000 11100000 10011100 00000000 00000000 00000000 00000000 01011110 
MODE_VOLET : 
ON_HOT_24_FAN_MAX_FLAP2		: 11000100 11010011 01100100 10000000 00000000 00100100 10000000 11100000 10111100 00000000 00000000 00000000 00000000 01111110
ON_HOT_24_FAN_MAX_FIX      		: 11000100 11010011 01100100 10000000 00000000 00100100 10000000 11100000 10100000 00000000 00000000 00000000 00000000 01100010
MODE_FAN : 
ON_HOT_24_FAN_AUTO_FLAP     	: 11000100 11010011 01100100 10000000 00000000 00100100 10000000 11100000 00011100 00000000 00000000 00000000 00000000 10011110 
ON_HOT_24_FAN_SLOW_FLAP     	: 11000100 11010011 01100100 10000000 00000000 00100100 10000000 11100000 01011100 00000000 00000000 00000000 00000000 11011110 
ON_HOT_24_FAN_MEDIUM_FLAP 	: 11000100 11010011 01100100 10000000 00000000 00100100 10000000 11100000 11011100 00000000 00000000 00000000 00000000 00111110 
ON_HOT_24_FAN_MAX_FLAP2     	: 11000100 11010011 01100100 10000000 00000000 00100100 10000000 11100000 10111100 00000000 00000000 00000000 00000000 01111110 
MODE DE FONCTIONNEMENT : 
ON_COLD_22_FAN_AUTO_FLAP       	: 11000100 11010011 01100100 10000000 00000000 00100100 11000000 10010000 00011100 00000000 00000000 00000000 00000000 10111110 
ON_HOT_31_FAN_MAX_FLAP           	: 11000100 11010011 01100100 10000000 00000000 00100100 10000000 00000000 10111100 00000000 00000000 00000000 00000000 11101110 
ON_FAN_31_FAN_MEDIUM_FLAP     	: 11000100 11010011 01100100 10000000 00000000 00100100 00010000 11100000 11011100 00000000 00000000 00000000 00000000 11000001 
ON_GOUTTE_NaN_FAN_AUTO_FLAP 	: 11000100 11010011 01100100 10000000 00000000 00100100 01000000 11100000 00011100 00000000 00000000 00000000 00000000 01011110 
ON_VENTIL_NaN_FAN_MAX_FLAP    	: 11000100 11010011 01100100 10000000 00000000 00100100 11100000 11100000 10111100 00000000 00000000 00000000 00000000 00100001 




ALL : 

11000100 11010011 01100100 10000000 00000000 00000100 10000000 11100000 10111100 00000000 00000000 00000000 00000000 01011110 
11000100 11010011 01100100 10000000 00000000 00100100 10000000 11100000 10111100 00000000 00000000 00000000 00000000 01111110 
11000100 11010011 01100100 10000000 00000000 00100100 11000000 10010000 00011100 00000000 00000000 00000000 00000000 10111110 
11000100 11010011 01100100 10000000 00000000 00100100 10000000 11100000 10111100 00000000 00000000 00000000 00000000 01111110 
11000100 11010011 01100100 10000000 00000000 00100100 10000000 00010000 10111100 00000000 00000000 00000000 00000000 11111110 
11000100 11010011 01100100 10000000 00000000 00100100 10000000 10010000 10111100 00000000 00000000 00000000 00000000 00000001 
11000100 11010011 01100100 10000000 00000000 00100100 10000000 01010000 10111100 00000000 00000000 00000000 00000000 10000001 
11000100 11010011 01100100 10000000 00000000 00100100 10000000 11010000 10111100 00000000 00000000 00000000 00000000 01000001 
11000100 11010011 01100100 10000000 00000000 00100100 10000000 00110000 10111100 00000000 00000000 00000000 00000000 11000001 
11000100 11010011 01100100 10000000 00000000 00100100 10000000 10110000 10111100 00000000 00000000 00000000 00000000 00100001 
11000100 11010011 01100100 10000000 00000000 00100100 10000000 01110000 10111100 00000000 00000000 00000000 00000000 10100001 
11000100 11010011 01100100 10000000 00000000 00100100 10000000 11110000 10111100 00000000 00000000 00000000 00000000 01100001 
11000100 11010011 01100100 10000000 00000000 00100100 10000000 01100000 10111100 00000000 00000000 00000000 00000000 10111110 
11000100 11010011 01100100 10000000 00000000 00100100 10000000 10100000 10111100 00000000 00000000 00000000 00000000 00111110 
11000100 11010011 01100100 10000000 00000000 00100100 10000000 00100000 10111100 00000000 00000000 00000000 00000000 11011110 
11000100 11010011 01100100 10000000 00000000 00100100 10000000 11000000 10111100 00000000 00000000 00000000 00000000 01011110 
11000100 11010011 01100100 10000000 00000000 00100100 10000000 01000000 10111100 00000000 00000000 00000000 00000000 10011110 
11000100 11010011 01100100 10000000 00000000 00100100 10000000 10000000 10111100 00000000 00000000 00000000 00000000 00011110 
11000100 11010011 01100100 10000000 00000000 00100100 10000000 00000000 10111100 00000000 00000000 00000000 00000000 11101110 
11000100 11010011 01100100 10000000 00000000 00100100 00010000 11100000 11011100 00000000 00000000 00000000 00000000 11000001 
11000100 11010011 01100100 10000000 00000000 00100100 11000000 10010000 00011100 00000000 00000000 00000000 00000000 10111110 
11000100 11010011 01100100 10000000 00000000 00100100 01000000 11100000 00011100 00000000 00000000 00000000 00000000 01011110 
11000100 11010011 01100100 10000000 00000000 00100100 11100000 11100000 10111100 00000000 00000000 00000000 00000000 00100001 
11000100 11010011 01100100 10000000 00000000 00100100 10000000 11100000 00011100 00000000 00000000 00000000 00000000 10011110 
11000100 11010011 01100100 10000000 00000000 00100100 10000000 11100000 01011100 00000000 00000000 00000000 00000000 11011110 
11000100 11010011 01100100 10000000 00000000 00100100 10000000 11100000 11011100 00000000 00000000 00000000 00000000 00111110 
11000100 11010011 01100100 10000000 00000000 00100100 10000000 11100000 10111100 00000000 00000000 00000000 00000000 01111110 
11000100 11010011 01100100 10000000 00000000 00100100 10000000 11100000 10100000 00000000 00000000 00000000 00000000 01100010 
11000100 11010011 01100100 10000000 00000000 00100100 10000000 11100000 10011100 00000000 00000000 00000000 00000000 01011110 


checksum  ==>>>
11000100
11010011
01100100
10000000
00000000
00100100
10000000

00010000

10111100
00000000
00000000
00000000
00000000

11111110



11000100 11010011 01100100 10000000 00000000 00100100 10000000 10010000 10111100 00000000 00000000 00000000 00000000 00000001 

